772.5 337
125
130
20
4.5
192
4
2
1
1
1
1 1 1 1 1 1 1 1 1 1 1 1 1 1 1 1 1 1 1 1 1 1 1 1 1 
1 0 0 0 0 1 1 0 0 3 0 1 0 0 0 0 1 1 0 0 0 0 3 0 0 
1 0 0 0 0 1 1 3 0 0 0 1 0 0 0 0 1 1 0 0 0 0 3 0 0 
1 0 0 0 0 0 0 0 3 0 0 0 0 0 0 0 1 1 0 0 0 0 0 0 0 
1 0 0 0 0 1 1 0 0 0 0 1 0 0 0 0 0 0 0 0 0 0 0 0 0 
1 0 0 0 0 1 1 1 1 1 1 1 0 0 0 0 0 1 0 0 0 0 0 0 0 
1 1 1 0 1 1 1 1 1 1 1 1 0 0 0 0 0 1 0 0 0 0 0 0 0 
1 1 1 0 1 1 1 1 1 1 1 1 0 0 0 0 0 1 1 1 1 0 1 1 1 
1 1 1 0 1 1 1 0 0 0 0 1 0 0 0 0 0 1 0 0 0 0 0 0 0 
1 0 0 0 0 1 1 0 0 0 0 0 0 0 0 0 0 1 0 0 0 0 0 0 0 
1 0 0 0 0 1 1 0 0 0 0 0 0 0 0 0 0 1 0 0 0 0 0 0 0 
1 0 0 0 0 1 1 0 0 0 0 1 0 0 0 0 0 1 0 0 0 3 0 0 0 
1 0 0 0 0 1 1 0 0 0 0 1 0 0 0 0 3 1 1 1 0 1 0 0 0 
1 1 1 1 1 1 1 1 1 1 1 1 0 1 0 1 1 1 1 1 0 1 1 1 0 
1 1 1 1 1 1 1 1 1 1 1 1 0 1 0 1 1 1 0 0 0 0 0 0 0 
1 0 0 0 0 1 1 1 1 0 0 0 0 0 0 0 1 1 0 3 0 0 0 0 0 
1 0 0 0 3 1 1 1 1 0 0 0 0 0 0 0 1 1 0 0 0 0 0 0 0 
1 0 0 0 0 0 0 0 0 0 0 4 0 0 0 0 1 1 0 0 3 3 0 0 0 
1 0 0 0 0 1 1 1 1 0 0 0 0 0 0 0 1 1 1 1 1 1 1 1 1 
